Year
 M2
 GDP
 CPI
1971
 38.0462
 248.4000
 22.28010
1972
 42.8330
 275.1000
 23.64256
1973
 52.2714
 279.7000
 26.30735
1974
 77.2570
 340.3000
 30.67522
1975
 86.1020
 408.5000
 40.37267
1976
 143.2139
 461.8000
 40.83350
1977
 130.9672
 486.1000
 45.44180
1978
 158.8335
 498.5000
 47.00461
1979
 161.1246
 585.2000
 51.55280
1980
 177.6901
 631.0000
 56.04087
1981
 216.9207
 673.6000
 59.36686
1982
 262.3346
 848.9000
 69.66540
1983
 272.9995
 944.9000
 77.78000
1984
 287.1151
 1021.200
 86.93649
1985
 300.1090
 1158.500
 98.29693
1986
 333.5651
 1303.300
 104.3078
1987
 332.8298
 1382.300
 100.0000
1988
 334.4922
 1483.300
 98.17672
1989
 368.9406
 1475.900
 98.61751
1990
 351.1785
 1525.300
 98.93809
1991
 371.6107
 1535.680
 97.19495
1992
 384.9504
 1578.700
 97.19495
1993
 336.5247
 1521.900
 96.47365
1994
 463.6893
 1864.900
 127.4294
1995
 499.5299
 2146.400
 137.7279
1996
 559.9946
 2349.600
 141.5147
1997
 580.3872
 2509.300
 143.7790
1998
 630.1709
 2716.500
 145.4771
1999
 714.0779
 2893.081
 146.6570
2000
 790.4259
 3114.000
 147.7437
2001
 905.1608
 3342.700
 152.1475
2002
 974.1287
 3467.096
 155.7007
2003
 1280.5926
 3960.800
 155.6488
2004
 1445.8251
 4198.510
 156.4270
2005
 1565.2525
 4563.290
 159.0941
2006
 1745.2200
 4802.886
 162.3925
2007
 1971.9900
 5227.585
 171.9045
2008
 NA
 5550.000
 177.0000
2009
 NA
 5890.000
 181.0000
2010
 NA
 6227.000
 185.0000
2011
 NA
 6565.000
 189.0000
2012
 NA
 6902.000
 193.0000

